25
9859
9
1732
2254
6225
1867
3068
3187
5247
7538
7923
3944
4761
1458
292
9659
80
61
9886
98
919
9382
64
501
9675
34
82
465
45
2931
3585
6880
3138
3818
7717
239
8770
7556
485
1761
8212
5231
8726
8014
3
9914
4
880
9532
50
890
9988
1
841
9458
93
1617
1848
7
2006
2645
8398
909
9432
82
124
9927
38
666
3476
9564
305
9987
39
2
9885
6
145
2448
3808
416
9813
25
3169
3777
5302
520
9329
13
250
9733
47
34
9906
2
3203
5040
36
1173
3706
299
3644
9827
9650
307
9516
84
464
9334
16
140
376
51
4143
6007
5287
1414
4181
3162
803
1730
9023
991
9143
63
77
9314
61
4355
6260
335
1597
8315
84
4151
8751
2131
7113
7113
7113
4471
4759
26
2507
8381
66
21
9578
72
25
9873
5
285
9078
92
642
9798
94
9
9289
56
9767
9881
38
62
316
46
20
9908
3
727
9087
17
1275
7368
3999
847
9432
32
6513
9636
44
3113
9121
4497
522
9745
59
21
9994
10
5222
9270
7151
36
127
42
287
9257
92
475
9408
85
21
9951
7
4698
4698
4698
812
9843
89
691
9823
48
987
9884
97
4964
5543
34
136
9498
59
4312
6485
3887
195
9978
90
226
1599
5604
7263
7404
8893
721
9204
44
503
9899
83
456
9436
99
221
287
44
208
9216
68
5851
6511
3792
934
9506
98
664
9847
25
4462
9117
97
4138
9835
1774
355
9658
16
329
344
19
62
120
57
10
9908
1
832
9764
69
3670
3670
3670
71
81
39
7505
8154
2201
556
9703
38
3994
9823
2615
20
9897
8